[[0.551457590483132, -0.573839117399007, -0.462540930418961, -0.961773610041961],
[0.313938511714352, -0.504562201602808,	-0.521064413769843, 2.19118841479905],
[0.182368442574128, -0.584136692587725,	-0.513185520708207, 2.05800639836466],
[0.569357918436344, -0.598940609860776,	-0.593281377289185, -2.68393679917635],
[0.127527152878112, -0.517563160152737,	-0.553449336114820, 1.39696192152627],
[0.224341194619203, -0.501302397905027,	-0.349427162769421, 1.78358013729160],
[0.183793759125669, -0.588528179543966,	-0.543740228451801, -1.60475232616258],
[-0.197543896756683, -0.578502480263536, -0.203141948010931, 1.36400463904210],
[0.108340317319088, -0.457292819088503,	-0.522819703794603, -0.347742636141366],
[-0.510746147873783, -0.546822349073768, -0.374234594741111, -2.93658531449289],
[-0.562588688496096, -0.521550053931785, -0.507140861274082, 2.78356466579572],
[0.577894921556184, -0.539302647937406,	-0.421143673927984, 2.60333641537965],
[0.279806938573675, -0.550333272073994,	-0.475336732072332, 1.06784984764586],
[0.443636099905851, -0.593145054815829,	-0.499116515863852, -1.39059757456473],
[0.0190027840894558, -0.565153615920142, -0.555945993083272, -0.857944459314830],
[-0.450150252186051, -0.579925870009044, -0.526993558960953, 0.827874855717424],
[-0.228868597812318, -0.544319158672596, -0.528999996071476, 1.13835547308148],
[-0.0382821758123680, -0.484828850189624, -0.561148193898457, 1.87495651803142],
[-0.494623095636511, -0.581871161736029, -0.316606559394848, -1.90037219183738],
[0.153058616059978, -0.550454454286251,	-0.513477899054359, -2.67860115057549],
[0.592857162794616, -0.493517083897456,	-0.414009681600775, -0.117035413806634],
[-0.173337218019753, -0.469214992025876, -0.571753970388452, -0.297110341943669],
[-0.436935648776622, -0.537972206750332, -0.339344902846026, -1.46826427988954],
[0.0343034959191482, -0.450306996627395, -0.56864586590446, 0.881455247388483],
[0.135744289156093, -0.516979115265242,	-0.442622304345051, 0.968984587823574],
[0.182371824837526, -0.514657292978638,	-0.485758703744218, -0.404384017985111],
[-0.486446391834858, -0.535027920061339, -0.413893963002167, 0.466277195521438],
[-0.265186120333755, -0.508143252398621, -0.312496313331851, 0.599575636984494],
[-0.353068251654212, -0.524337590024209, -0.563147369935017, -2.74034510872689],
[-0.224650564261767, -0.527125685884576, -0.454535681192364, -0.717501662505853],
[0.568307953379609, -0.468922762913737, -0.452961356439220, -1.95434365759139],
[0.302102736073647, -0.478756407608864,	-0.577604098722288, 1.97070093908993],
[0.529809884498471, -0.493085940835478,	-0.490697805872313, 2.19963114825068],
[0.140133395388739,-0.549147620197927,	-0.320636545723569, -0.485209374821702],
[0.587091126920552, -0.581531070677425,	-0.402716989249691, 1.32898636222407]]
